Plot title: Frequenzgang
Export date: 26-09-09_22-57-08
Column 1 (x-Values) | Label on plot axis: f/Hz - hifi-apps.com
Column 2 (y-Values) | Label on plot axis: FR Geglättet 1/8 Okt [dB]   Group: FR car_front_09_mono Series: FC_2
20.57 -45.63
22.36 -49.20
24.31 -44.03
26.49 -43.50
28.88 -40.27
31.50 -38.93
34.45 -37.73
37.68 -34.83
41.13 -31.67
44.72 -34.37
48.62 -36.70
52.97 -35.97
57.77 -38.17
63.00 -45.00
68.90 -48.77
75.36 -51.20
82.26 -51.03
89.44 -49.83
97.25 -46.03
105.74 -47.40
114.97 -48.77
125.00 -44.83
137.12 -48.60
150.42 -51.33
164.53 -53.10
178.89 -50.87
194.50 -51.80
211.47 -51.37
229.93 -53.13
250.00 -53.40
272.63 -53.40
297.32 -53.37
324.55 -52.93
354.96 -52.13
388.23 -55.70
422.95 -54.13
459.86 -55.50
500.00 -53.43
545.27 -55.27
594.63 -56.60
649.10 -55.67
709.93 -57.30
776.46 -57.23
845.90 -58.20
919.73 -57.23
1000.00 -56.87
1087.28 -55.93
1182.18 -55.80
1289.17 -52.57
1414.21 -52.60
1551.38 -44.17
1691.79 -41.57
1839.45 -40.97
2000.00 -33.20
2174.56 -29.00
2364.35 -20.17
2573.28 -22.33
2806.24 -18.37
3060.30 -14.20
3343.86 -13.47
3657.24 -19.47
4000.00 -12.73
4349.12 -8.57
4728.71 -8.80
5146.55 -9.20
5612.49 -15.10
6120.60 -10.47
6687.72 -12.60
7314.49 -11.70
8000.00 -12.60
8698.24 -9.83
9457.42 -5.40
10282.86 -3.43
11180.34 -4.83
12156.16 -2.27
13295.74 0.00
14585.33 -0.10
16000.00 -0.17
17396.47 -12.90
