Plot title: Frequenzgang
Export date: 26-09-09_22-57-08
Column 1 (x-Values) | Label on plot axis: f/Hz - hifi-apps.com
Column 2 (y-Values) | Label on plot axis: FR Geglättet 1/8 Okt [dB]   Group: FR car_front_09_mono Series: FC_1
20.57 -38.00
22.36 -36.10
24.31 -39.43
26.49 -27.67
28.88 -30.13
31.50 -28.77
34.45 -29.73
37.68 -26.27
41.13 -31.87
44.72 -31.77
48.62 -28.17
52.97 -32.70
57.77 -37.27
63.00 -34.37
68.90 -40.60
75.36 -41.70
82.26 -47.90
89.44 -48.33
97.25 -47.67
105.74 -46.60
114.97 -47.40
125.00 -48.60
137.12 -50.93
150.42 -52.80
164.53 -53.60
178.89 -54.60
194.50 -52.50
211.47 -52.23
229.93 -54.13
250.00 -52.30
272.63 -53.00
297.32 -54.67
324.55 -55.40
354.96 -54.47
388.23 -54.53
422.95 -55.33
459.86 -55.53
500.00 -54.87
545.27 -56.13
594.63 -56.07
649.10 -56.20
709.93 -57.53
776.46 -58.07
845.90 -57.43
919.73 -57.07
1000.00 -57.57
1087.28 -56.10
1182.18 -56.50
1289.17 -53.60
1414.21 -54.43
1551.38 -45.30
1691.79 -35.67
1839.45 -37.23
2000.00 -24.93
2174.56 -29.23
2364.35 -19.80
2573.28 -24.47
2806.24 -19.93
3060.30 -18.80
3343.86 -20.07
3657.24 -13.93
4000.00 -12.77
4349.12 -11.03
4728.71 -9.37
5146.55 -13.37
5612.49 -10.87
6120.60 -6.90
6687.72 -11.93
7314.49 -12.20
8000.00 -14.23
8698.24 -9.27
9457.42 -9.47
10282.86 -2.53
11180.34 -5.20
12156.16 -1.90
13295.74 0.00
14585.33 -1.03
16000.00 -1.83
17396.47 -14.03
