Plot title: Frequenzgang
Export date: 26-09-07_00-02-19
Column 1 (x-Values) | Label on plot axis: f/Hz - hifi-apps.com
Column 2 (y-Values) | Label on plot axis: FR Geglättet 1/8 Okt [dB]   Group: FR car_full_01 Series: L_1
20.57 -20.33
22.36 -20.43
24.31 -23.77
26.49 -17.97
28.88 -19.87
31.50 -19.10
34.45 -21.50
37.68 -20.63
41.13 -17.43
44.72 -11.27
48.62 -11.50
52.97 -9.53
57.77 -6.00
63.00 -5.00
68.90 -5.70
75.36 -8.73
82.26 -10.97
89.44 -15.20
97.25 -20.53
105.74 -20.13
114.97 -17.10
125.00 -8.90
137.12 -5.03
150.42 -5.23
164.53 -8.10
178.89 -10.67
194.50 -8.20
211.47 -7.50
229.93 -10.07
250.00 -14.27
272.63 -9.73
297.32 -10.20
324.55 -9.50
354.96 -10.00
388.23 -12.93
422.95 -6.40
459.86 -9.17
500.00 -12.17
545.27 -13.23
594.63 -17.53
649.10 -25.03
709.93 -13.90
776.46 -12.30
845.90 -14.87
919.73 -8.40
1000.00 -7.07
1087.28 -12.60
1182.18 -10.23
1289.17 -13.03
1414.21 -13.73
1551.38 -15.07
1691.79 -15.87
1839.45 -20.47
2000.00 -11.97
2174.56 -17.47
2364.35 -7.80
2573.28 -17.60
2806.24 -17.27
3060.30 -13.93
3343.86 -16.33
3657.24 -5.63
4000.00 -11.53
4349.12 -18.97
4728.71 -11.23
5146.55 -12.53
5612.49 -23.43
6120.60 -16.43
6687.72 -18.37
7314.49 -16.13
8000.00 -11.17
8698.24 -13.33
9457.42 -11.17
10282.86 -11.40
11180.34 -7.17
12156.16 -2.87
13295.74 -2.90
14585.33 0.00
16000.00 -6.47
17396.47 -18.67
