Plot title: Frequenzgang
Export date: 26-09-10_00-00-16
Column 1 (x-Values) | Label on plot axis: f/Hz - hifi-apps.com
Column 2 (y-Values) | Label on plot axis: FR Geglättet 1/24 Okt [dB]   Group: FR car_full_01 Series: L_1
20.57 -24.80
21.15 -23.50
21.75 -22.10
22.36 -23.30
22.99 -25.30
23.64 -27.10
24.31 -27.40
25.00 -26.20
25.73 -21.30
26.49 -20.00
27.26 -22.00
28.06 -22.50
28.88 -21.60
29.73 -24.90
30.60 -19.40
31.50 -24.50
32.45 -22.80
33.44 -21.00
34.45 -21.50
35.50 -31.40
36.57 -25.70
37.68 -23.50
38.82 -22.10
40.00 -25.30
41.13 -21.40
42.29 -15.00
43.49 -16.60
44.72 -13.20
45.99 -13.40
47.29 -13.60
48.62 -11.00
50.00 -19.30
51.47 -13.00
52.97 -12.70
54.53 -12.30
56.12 -11.10
57.77 -8.50
59.46 -7.80
61.21 -8.30
63.00 -9.00
64.91 -7.10
66.88 -9.10
68.90 -9.60
70.99 -7.80
73.14 -10.80
75.36 -12.10
77.65 -12.70
80.00 -12.90
82.26 -14.00
84.59 -15.40
86.98 -16.80
89.44 -18.40
91.97 -19.80
94.57 -22.60
97.25 -23.80
100.00 -24.60
102.83 -32.80
105.74 -15.60
108.73 -21.40
111.80 -21.90
114.97 -20.50
118.22 -18.30
121.56 -14.50
125.00 -10.90
128.92 -10.70
132.96 -8.40
137.12 -8.00
141.42 -8.10
145.85 -7.70
150.42 -8.00
155.14 -9.40
160.00 -10.20
164.53 -11.30
169.18 -12.20
173.96 -14.90
178.89 -14.30
183.95 -12.20
189.15 -11.80
194.50 -11.30
200.00 -10.90
205.66 -10.80
211.47 -11.00
217.46 -10.10
223.61 -10.90
229.93 -12.40
236.44 -16.30
243.12 -17.90
250.00 -17.70
257.33 -16.60
264.87 -14.10
272.63 -12.60
280.62 -11.90
288.85 -12.80
297.32 -13.50
306.03 -13.70
315.00 -13.30
324.55 -12.60
334.39 -12.00
344.52 -11.10
354.96 -12.80
365.72 -15.50
376.81 -17.50
388.23 -17.50
400.00 -13.20
411.31 -9.60
422.95 -9.10
434.91 -9.90
447.21 -10.70
459.86 -12.20
472.87 -14.00
486.25 -15.00
500.00 -15.10
514.66 -15.80
529.74 -16.90
545.27 -15.20
561.25 -17.00
577.70 -17.70
594.63 -20.20
612.06 -24.10
630.00 -28.40
649.10 -28.00
668.77 -28.10
689.04 -22.10
709.93 -16.10
731.45 -12.90
753.62 -12.80
776.46 -14.50
800.00 -19.00
822.63 -22.20
845.90 -17.50
869.82 -14.30
894.43 -13.10
919.73 -12.70
945.74 -8.80
972.49 -8.60
1000.00 -9.90
1028.29 -12.10
1057.37 -16.00
1087.28 -16.20
1118.03 -15.00
1149.66 -13.60
1182.18 -12.30
1215.62 -14.20
1250.00 -15.20
1289.17 -18.50
1329.57 -14.80
1371.24 -11.20
1414.21 -13.70
1458.53 -25.70
1504.24 -19.40
1551.38 -21.80
1600.00 -13.40
1645.26 -18.90
1691.79 -19.40
1739.65 -18.70
1788.85 -27.20
1839.45 -21.20
1891.48 -22.40
1944.98 -13.90
2000.00 -13.30
2056.57 -18.10
2114.74 -24.70
2174.56 -20.10
2236.07 -17.00
2299.32 -10.90
2364.35 -11.50
2431.23 -10.40
2500.00 -17.50
2573.28 -20.80
2648.70 -23.90
2726.33 -19.40
2806.24 -18.60
2888.49 -23.20
2973.16 -18.00
3060.30 -17.50
3150.00 -15.70
3245.48 -24.30
3343.86 -17.50
3445.22 -16.60
3549.65 -10.40
3657.24 -7.90
3768.10 -8.00
3882.32 -6.60
4000.00 -14.10
4113.14 -23.30
4229.49 -22.60
4349.12 -25.50
4472.14 -18.20
4598.63 -13.40
4728.71 -17.20
4862.46 -12.50
5000.00 -9.80
5146.55 -16.90
5297.40 -20.30
5452.67 -22.00
5612.49 -30.00
5776.99 -27.70
5946.32 -23.70
6120.60 -19.50
6300.00 -15.50
6490.96 -19.40
6687.72 -24.80
6890.43 -20.30
7099.30 -19.00
7314.49 -18.50
7536.20 -20.30
7764.64 -17.70
8000.00 -12.30
8226.28 -12.90
8458.97 -17.00
8698.24 -18.00
8944.27 -14.40
9197.27 -14.50
9457.42 -15.60
9724.92 -12.80
10000.00 -13.10
10282.86 -16.10
10573.71 -14.40
10872.80 -17.70
11180.34 -7.80
11496.58 -5.40
11821.77 -9.30
12156.16 -6.40
12500.00 -2.30
12891.73 -4.60
13295.74 -5.60
13712.41 -7.90
14142.14 0.00
14585.33 -3.90
15042.41 -5.50
15513.82 -1.80
16000.00 -10.90
16452.57 -16.10
16917.94 -18.80
17396.47 -25.40
17888.54 -21.20
18394.53 -24.70
18914.83 -26.70
